{
 "cells": [
  {
   "cell_type": "markdown",
   "source": [
    "# Análisis de Componentes Principales\r\n",
    "## 1. Resumen\r\n",
    "Los grandes conjuntos de datos son cada vez más comunes y, a menudo, difíciles de interpretar. El análisis de componentes principales (PCA por sus siglas en inglés) es una técnica para reducir la dimensionalidad de tales conjuntos de datos, aumentando la interpretabilidad pero al mismo tiempo minimizando la pérdida de información. \r\n",
    "\r\n",
    "Cuando implementamos PCA trabajamos bajo el supuesto de que todas las variables no son iguales de importantes para realizar nuestro análisis. Usualmente sucede que algunas de ellas tienen poca variación por lo que aportan muy poca información o también puede haber conjuntos de variables que estén altamente correlacionadas y por ende la información que aporten sea redundante. \r\n",
    "\r\n",
    "Por tal motivo, este algoritmo busca representar un conjunto de datos es un espacio de menor dimensión, reteniendo la mayor cantidad de información posible. Idealmente el número de dimensiones resultante deberá ser sustancialmente menor al de la matriz original. Más adelante verá algunas técnicas utilizadas para escoger el número óptimo de dimensiones.\r\n",
    "\r\n",
    "Matemáticamente el planteamiento del problema parte de un conjunto de datos alojado en una matriz $X$ con $p$ columnas/variables numéricas y $n$ observaciones. PCA busca la combinación lineal de las columnas de $X$ tal que se maximice la varianza. Esta combinación lineal está dada por:\r\n",
    "$$\\sum_{i=1}^p a_ix_i=Xa$$\r\n",
    "En donde $a$ es un vector de constantes $a_1, a_2, \\cdots, a_p$. Además, recordemos que la varianza de una combinación lineal en forma matricial sería: $var(Xa)=a^{T}Sa$, en donde $S$ sería la matriz de varianzas y covarianzas muestral asociada a $X$.\r\n",
    "\r\n",
    "Recapitulando tenemos que encontrar una combinación lineal que maximice la varianza sería equivalente a encontrar un vector $a$ de dimensión $p$ tal que maximice la forma cuadrática $a^{T}Sa$. Dado que este problema tiene infinitas soluciones es necesario imponer la restricción de que el vector $a$ deba ser un vector unitario, es decir: $a^{T}a=1$. Planteando el lagrangeano obtendríamos:\r\n",
    "$$\\mathcal{L} = a^{T}Sa-\\lambda(a^{T}a-1)$$\r\n",
    "Donde $\\lambda$ corresponde al multiplicado de lagrange. Hayando las condiciones de primer orden llegamos a la expresión:\r\n",
    "$$Sa-\\lambda a=0 \\leftrightarrow Sa=\\lambda a$$\r\n",
    "\r\n",
    "Finalmente, se puede demostrar que $a$ y $\\lambda$ deben corresponder a un eigenvector y a un eigenvalor asociados a la matriz $S$ respectivamente. Dado que cualquier matriz simétrica de tamaño $p\\times p$ tiene exactamente $p$ eigenvalores, vamos a ordenarlos de mayor a menor (en valor absoluto) y de este modo se tendrán también ordenados los eigenvectores del que explica la mayor porción de la varianza a la menor porción.\r\n",
    "\r\n",
    "---\r\n",
    "## 2. Ejercicio práctico\r\n",
    "Para el siguiente ejercicio práctico haremos uso de una base de datos que contiene información sobre el gasto promedio de 12 familias en Francia sobre 7 artículos de la canasta básica. Esta base de datos fue utilizada por Lebart, Morineau y Fénelon (1982) y se encuentra disponible [aquí](http://sfb649.wiwi.hu-berlin.de/fedc_homepage/xplore/tutorials/mvahtmlnode133.html).\r\n",
    "\r\n",
    "Nuestro objetivo es reducir nuestra base en solo dos dimensiones de modo que podamos hacer una representación gráfica de la misma y hacer un análisis sobre el comportamiento de consumo de las familias y de los productos.\r\n",
    "\r\n",
    "Dado que la información de la base se encuentra en formato html, haremos un scraper sencillo para importar los datos. No es necesario que entienda a profundidad lo que sucede en la próxima celda."
   ],
   "metadata": {}
  },
  {
   "cell_type": "code",
   "execution_count": 1,
   "source": [
    "import pandas as pd\r\n",
    "\r\n",
    "# Url donde está alojada la base\r\n",
    "link = \"http://sfb649.wiwi.hu-berlin.de/fedc_homepage/xplore/tutorials/mvahtmlnode133.html\"\r\n",
    "# Leemos la tabla con pandas\r\n",
    "df = pd.read_html(link)[0]\r\n",
    "# Limpiamos la tabla \r\n",
    "df = df.iloc[1:13,1:].reset_index(drop = True)\r\n",
    "df.columns = [\"familia\", \"pan\", \"vegetales\", \"frutas\", \"carne\", \"aves\", \"leche\", \"vino\"]\r\n",
    "df = df.set_index(\"familia\")\r\n",
    "df = df.apply(pd.to_numeric)"
   ],
   "outputs": [],
   "metadata": {}
  },
  {
   "cell_type": "code",
   "execution_count": 2,
   "source": [
    "# Visualizamos la data\r\n",
    "df"
   ],
   "outputs": [
    {
     "output_type": "execute_result",
     "data": {
      "text/plain": [
       "         pan  vegetales  frutas  carne  aves  leche  vino\n",
       "familia                                                  \n",
       "MA2      332        428     354   1437   526    247   427\n",
       "EM2      293        559     388   1527   567    239   258\n",
       "CA2      372        767     562   1948   927    235   433\n",
       "MA3      406        563     341   1507   544    324   407\n",
       "EM3      386        608     396   1501   558    319   363\n",
       "CA3      438        843     689   2345  1148    243   341\n",
       "MA4      534        660     367   1620   638    414   407\n",
       "EM4      460        699     484   1856   762    400   416\n",
       "CA4      385        789     621   2366  1149    304   282\n",
       "MA5      655        776     423   1848   759    495   486\n",
       "EM5      584        995     548   2056   893    518   319\n",
       "CA5      515       1097     887   2630  1167    561   284"
      ],
      "text/html": [
       "<div>\n",
       "<style scoped>\n",
       "    .dataframe tbody tr th:only-of-type {\n",
       "        vertical-align: middle;\n",
       "    }\n",
       "\n",
       "    .dataframe tbody tr th {\n",
       "        vertical-align: top;\n",
       "    }\n",
       "\n",
       "    .dataframe thead th {\n",
       "        text-align: right;\n",
       "    }\n",
       "</style>\n",
       "<table border=\"1\" class=\"dataframe\">\n",
       "  <thead>\n",
       "    <tr style=\"text-align: right;\">\n",
       "      <th></th>\n",
       "      <th>pan</th>\n",
       "      <th>vegetales</th>\n",
       "      <th>frutas</th>\n",
       "      <th>carne</th>\n",
       "      <th>aves</th>\n",
       "      <th>leche</th>\n",
       "      <th>vino</th>\n",
       "    </tr>\n",
       "    <tr>\n",
       "      <th>familia</th>\n",
       "      <th></th>\n",
       "      <th></th>\n",
       "      <th></th>\n",
       "      <th></th>\n",
       "      <th></th>\n",
       "      <th></th>\n",
       "      <th></th>\n",
       "    </tr>\n",
       "  </thead>\n",
       "  <tbody>\n",
       "    <tr>\n",
       "      <th>MA2</th>\n",
       "      <td>332</td>\n",
       "      <td>428</td>\n",
       "      <td>354</td>\n",
       "      <td>1437</td>\n",
       "      <td>526</td>\n",
       "      <td>247</td>\n",
       "      <td>427</td>\n",
       "    </tr>\n",
       "    <tr>\n",
       "      <th>EM2</th>\n",
       "      <td>293</td>\n",
       "      <td>559</td>\n",
       "      <td>388</td>\n",
       "      <td>1527</td>\n",
       "      <td>567</td>\n",
       "      <td>239</td>\n",
       "      <td>258</td>\n",
       "    </tr>\n",
       "    <tr>\n",
       "      <th>CA2</th>\n",
       "      <td>372</td>\n",
       "      <td>767</td>\n",
       "      <td>562</td>\n",
       "      <td>1948</td>\n",
       "      <td>927</td>\n",
       "      <td>235</td>\n",
       "      <td>433</td>\n",
       "    </tr>\n",
       "    <tr>\n",
       "      <th>MA3</th>\n",
       "      <td>406</td>\n",
       "      <td>563</td>\n",
       "      <td>341</td>\n",
       "      <td>1507</td>\n",
       "      <td>544</td>\n",
       "      <td>324</td>\n",
       "      <td>407</td>\n",
       "    </tr>\n",
       "    <tr>\n",
       "      <th>EM3</th>\n",
       "      <td>386</td>\n",
       "      <td>608</td>\n",
       "      <td>396</td>\n",
       "      <td>1501</td>\n",
       "      <td>558</td>\n",
       "      <td>319</td>\n",
       "      <td>363</td>\n",
       "    </tr>\n",
       "    <tr>\n",
       "      <th>CA3</th>\n",
       "      <td>438</td>\n",
       "      <td>843</td>\n",
       "      <td>689</td>\n",
       "      <td>2345</td>\n",
       "      <td>1148</td>\n",
       "      <td>243</td>\n",
       "      <td>341</td>\n",
       "    </tr>\n",
       "    <tr>\n",
       "      <th>MA4</th>\n",
       "      <td>534</td>\n",
       "      <td>660</td>\n",
       "      <td>367</td>\n",
       "      <td>1620</td>\n",
       "      <td>638</td>\n",
       "      <td>414</td>\n",
       "      <td>407</td>\n",
       "    </tr>\n",
       "    <tr>\n",
       "      <th>EM4</th>\n",
       "      <td>460</td>\n",
       "      <td>699</td>\n",
       "      <td>484</td>\n",
       "      <td>1856</td>\n",
       "      <td>762</td>\n",
       "      <td>400</td>\n",
       "      <td>416</td>\n",
       "    </tr>\n",
       "    <tr>\n",
       "      <th>CA4</th>\n",
       "      <td>385</td>\n",
       "      <td>789</td>\n",
       "      <td>621</td>\n",
       "      <td>2366</td>\n",
       "      <td>1149</td>\n",
       "      <td>304</td>\n",
       "      <td>282</td>\n",
       "    </tr>\n",
       "    <tr>\n",
       "      <th>MA5</th>\n",
       "      <td>655</td>\n",
       "      <td>776</td>\n",
       "      <td>423</td>\n",
       "      <td>1848</td>\n",
       "      <td>759</td>\n",
       "      <td>495</td>\n",
       "      <td>486</td>\n",
       "    </tr>\n",
       "    <tr>\n",
       "      <th>EM5</th>\n",
       "      <td>584</td>\n",
       "      <td>995</td>\n",
       "      <td>548</td>\n",
       "      <td>2056</td>\n",
       "      <td>893</td>\n",
       "      <td>518</td>\n",
       "      <td>319</td>\n",
       "    </tr>\n",
       "    <tr>\n",
       "      <th>CA5</th>\n",
       "      <td>515</td>\n",
       "      <td>1097</td>\n",
       "      <td>887</td>\n",
       "      <td>2630</td>\n",
       "      <td>1167</td>\n",
       "      <td>561</td>\n",
       "      <td>284</td>\n",
       "    </tr>\n",
       "  </tbody>\n",
       "</table>\n",
       "</div>"
      ]
     },
     "metadata": {},
     "execution_count": 2
    }
   ],
   "metadata": {}
  },
  {
   "cell_type": "markdown",
   "source": [
    "La columna familia nos dice el tipo de familia, donde MA significa artesanos, EM significa empleados, y CA significa gerentes. Seguido de este indicador viene un número que es equivalente al número de hijos que tiene la familia."
   ],
   "metadata": {}
  },
  {
   "cell_type": "markdown",
   "source": [
    "Primero vamos a realizar una implementación manual de PCA y posteriormente mostraremos como realizarlo utilizando las funciones de la librería [scikit-learn](https://scikit-learn.org/stable/auto_examples/decomposition/plot_pca_3d.html?highlight=principal).\r\n",
    "\r\n",
    "Los pasos a seguir para implementar PCA son:\r\n",
    "- Estandarizamos los datos para que estos estén centrados en 0 y tengan desviación estándar igual a 1.\r\n",
    "- Calculamos la matriz $S$ de varianzas y covarianzas. \r\n",
    "- Encontramos los eigenvalores y eigenvectores asociados. Ordenamos los eigenvalores del mayor al menor en valor absoluto.\r\n",
    "- Construimos los Componentes Principales.\r\n",
    "- Seleccionamos el número óptimo de Componentes Principales."
   ],
   "metadata": {}
  },
  {
   "cell_type": "code",
   "execution_count": 3,
   "source": [
    "# Estandarizamos los datos\r\n",
    "mu = df.mean()\r\n",
    "sigma = df.std()\r\n",
    "X = (df - mu)/sigma"
   ],
   "outputs": [],
   "metadata": {}
  },
  {
   "cell_type": "code",
   "execution_count": 4,
   "source": [
    "# Calculamos la matriz de varianzas y covarianzas\r\n",
    "S = X.cov()\r\n",
    "S"
   ],
   "outputs": [
    {
     "output_type": "execute_result",
     "data": {
      "text/plain": [
       "                pan  vegetales    frutas     carne      aves     leche  \\\n",
       "pan        1.000000   0.593110  0.196139  0.321269  0.248008  0.855575   \n",
       "vegetales  0.593110   1.000000  0.856250  0.881081  0.826777  0.662799   \n",
       "frutas     0.196139   0.856250  1.000000  0.959477  0.925542  0.332189   \n",
       "carne      0.321269   0.881081  0.959477  1.000000  0.981785  0.374591   \n",
       "aves       0.248008   0.826777  0.925542  0.981785  1.000000  0.232892   \n",
       "leche      0.855575   0.662799  0.332189  0.374591  0.232892  1.000000   \n",
       "vino       0.303761  -0.356468 -0.486281 -0.437235 -0.400157  0.006880   \n",
       "\n",
       "               vino  \n",
       "pan        0.303761  \n",
       "vegetales -0.356468  \n",
       "frutas    -0.486281  \n",
       "carne     -0.437235  \n",
       "aves      -0.400157  \n",
       "leche      0.006880  \n",
       "vino       1.000000  "
      ],
      "text/html": [
       "<div>\n",
       "<style scoped>\n",
       "    .dataframe tbody tr th:only-of-type {\n",
       "        vertical-align: middle;\n",
       "    }\n",
       "\n",
       "    .dataframe tbody tr th {\n",
       "        vertical-align: top;\n",
       "    }\n",
       "\n",
       "    .dataframe thead th {\n",
       "        text-align: right;\n",
       "    }\n",
       "</style>\n",
       "<table border=\"1\" class=\"dataframe\">\n",
       "  <thead>\n",
       "    <tr style=\"text-align: right;\">\n",
       "      <th></th>\n",
       "      <th>pan</th>\n",
       "      <th>vegetales</th>\n",
       "      <th>frutas</th>\n",
       "      <th>carne</th>\n",
       "      <th>aves</th>\n",
       "      <th>leche</th>\n",
       "      <th>vino</th>\n",
       "    </tr>\n",
       "  </thead>\n",
       "  <tbody>\n",
       "    <tr>\n",
       "      <th>pan</th>\n",
       "      <td>1.000000</td>\n",
       "      <td>0.593110</td>\n",
       "      <td>0.196139</td>\n",
       "      <td>0.321269</td>\n",
       "      <td>0.248008</td>\n",
       "      <td>0.855575</td>\n",
       "      <td>0.303761</td>\n",
       "    </tr>\n",
       "    <tr>\n",
       "      <th>vegetales</th>\n",
       "      <td>0.593110</td>\n",
       "      <td>1.000000</td>\n",
       "      <td>0.856250</td>\n",
       "      <td>0.881081</td>\n",
       "      <td>0.826777</td>\n",
       "      <td>0.662799</td>\n",
       "      <td>-0.356468</td>\n",
       "    </tr>\n",
       "    <tr>\n",
       "      <th>frutas</th>\n",
       "      <td>0.196139</td>\n",
       "      <td>0.856250</td>\n",
       "      <td>1.000000</td>\n",
       "      <td>0.959477</td>\n",
       "      <td>0.925542</td>\n",
       "      <td>0.332189</td>\n",
       "      <td>-0.486281</td>\n",
       "    </tr>\n",
       "    <tr>\n",
       "      <th>carne</th>\n",
       "      <td>0.321269</td>\n",
       "      <td>0.881081</td>\n",
       "      <td>0.959477</td>\n",
       "      <td>1.000000</td>\n",
       "      <td>0.981785</td>\n",
       "      <td>0.374591</td>\n",
       "      <td>-0.437235</td>\n",
       "    </tr>\n",
       "    <tr>\n",
       "      <th>aves</th>\n",
       "      <td>0.248008</td>\n",
       "      <td>0.826777</td>\n",
       "      <td>0.925542</td>\n",
       "      <td>0.981785</td>\n",
       "      <td>1.000000</td>\n",
       "      <td>0.232892</td>\n",
       "      <td>-0.400157</td>\n",
       "    </tr>\n",
       "    <tr>\n",
       "      <th>leche</th>\n",
       "      <td>0.855575</td>\n",
       "      <td>0.662799</td>\n",
       "      <td>0.332189</td>\n",
       "      <td>0.374591</td>\n",
       "      <td>0.232892</td>\n",
       "      <td>1.000000</td>\n",
       "      <td>0.006880</td>\n",
       "    </tr>\n",
       "    <tr>\n",
       "      <th>vino</th>\n",
       "      <td>0.303761</td>\n",
       "      <td>-0.356468</td>\n",
       "      <td>-0.486281</td>\n",
       "      <td>-0.437235</td>\n",
       "      <td>-0.400157</td>\n",
       "      <td>0.006880</td>\n",
       "      <td>1.000000</td>\n",
       "    </tr>\n",
       "  </tbody>\n",
       "</table>\n",
       "</div>"
      ]
     },
     "metadata": {},
     "execution_count": 4
    }
   ],
   "metadata": {}
  },
  {
   "cell_type": "markdown",
   "source": [
    "Note que como la media es 0, la covarianza muestral es igual a $\\frac{1}{N-1} X^TX$"
   ],
   "metadata": {}
  },
  {
   "cell_type": "code",
   "execution_count": 5,
   "source": [
    "S = X.T.dot(X)/11\r\n",
    "S"
   ],
   "outputs": [
    {
     "output_type": "execute_result",
     "data": {
      "text/plain": [
       "                pan  vegetales    frutas     carne      aves     leche  \\\n",
       "pan        1.000000   0.593110  0.196139  0.321269  0.248008  0.855575   \n",
       "vegetales  0.593110   1.000000  0.856250  0.881081  0.826777  0.662799   \n",
       "frutas     0.196139   0.856250  1.000000  0.959477  0.925542  0.332189   \n",
       "carne      0.321269   0.881081  0.959477  1.000000  0.981785  0.374591   \n",
       "aves       0.248008   0.826777  0.925542  0.981785  1.000000  0.232892   \n",
       "leche      0.855575   0.662799  0.332189  0.374591  0.232892  1.000000   \n",
       "vino       0.303761  -0.356468 -0.486281 -0.437235 -0.400157  0.006880   \n",
       "\n",
       "               vino  \n",
       "pan        0.303761  \n",
       "vegetales -0.356468  \n",
       "frutas    -0.486281  \n",
       "carne     -0.437235  \n",
       "aves      -0.400157  \n",
       "leche      0.006880  \n",
       "vino       1.000000  "
      ],
      "text/html": [
       "<div>\n",
       "<style scoped>\n",
       "    .dataframe tbody tr th:only-of-type {\n",
       "        vertical-align: middle;\n",
       "    }\n",
       "\n",
       "    .dataframe tbody tr th {\n",
       "        vertical-align: top;\n",
       "    }\n",
       "\n",
       "    .dataframe thead th {\n",
       "        text-align: right;\n",
       "    }\n",
       "</style>\n",
       "<table border=\"1\" class=\"dataframe\">\n",
       "  <thead>\n",
       "    <tr style=\"text-align: right;\">\n",
       "      <th></th>\n",
       "      <th>pan</th>\n",
       "      <th>vegetales</th>\n",
       "      <th>frutas</th>\n",
       "      <th>carne</th>\n",
       "      <th>aves</th>\n",
       "      <th>leche</th>\n",
       "      <th>vino</th>\n",
       "    </tr>\n",
       "  </thead>\n",
       "  <tbody>\n",
       "    <tr>\n",
       "      <th>pan</th>\n",
       "      <td>1.000000</td>\n",
       "      <td>0.593110</td>\n",
       "      <td>0.196139</td>\n",
       "      <td>0.321269</td>\n",
       "      <td>0.248008</td>\n",
       "      <td>0.855575</td>\n",
       "      <td>0.303761</td>\n",
       "    </tr>\n",
       "    <tr>\n",
       "      <th>vegetales</th>\n",
       "      <td>0.593110</td>\n",
       "      <td>1.000000</td>\n",
       "      <td>0.856250</td>\n",
       "      <td>0.881081</td>\n",
       "      <td>0.826777</td>\n",
       "      <td>0.662799</td>\n",
       "      <td>-0.356468</td>\n",
       "    </tr>\n",
       "    <tr>\n",
       "      <th>frutas</th>\n",
       "      <td>0.196139</td>\n",
       "      <td>0.856250</td>\n",
       "      <td>1.000000</td>\n",
       "      <td>0.959477</td>\n",
       "      <td>0.925542</td>\n",
       "      <td>0.332189</td>\n",
       "      <td>-0.486281</td>\n",
       "    </tr>\n",
       "    <tr>\n",
       "      <th>carne</th>\n",
       "      <td>0.321269</td>\n",
       "      <td>0.881081</td>\n",
       "      <td>0.959477</td>\n",
       "      <td>1.000000</td>\n",
       "      <td>0.981785</td>\n",
       "      <td>0.374591</td>\n",
       "      <td>-0.437235</td>\n",
       "    </tr>\n",
       "    <tr>\n",
       "      <th>aves</th>\n",
       "      <td>0.248008</td>\n",
       "      <td>0.826777</td>\n",
       "      <td>0.925542</td>\n",
       "      <td>0.981785</td>\n",
       "      <td>1.000000</td>\n",
       "      <td>0.232892</td>\n",
       "      <td>-0.400157</td>\n",
       "    </tr>\n",
       "    <tr>\n",
       "      <th>leche</th>\n",
       "      <td>0.855575</td>\n",
       "      <td>0.662799</td>\n",
       "      <td>0.332189</td>\n",
       "      <td>0.374591</td>\n",
       "      <td>0.232892</td>\n",
       "      <td>1.000000</td>\n",
       "      <td>0.006880</td>\n",
       "    </tr>\n",
       "    <tr>\n",
       "      <th>vino</th>\n",
       "      <td>0.303761</td>\n",
       "      <td>-0.356468</td>\n",
       "      <td>-0.486281</td>\n",
       "      <td>-0.437235</td>\n",
       "      <td>-0.400157</td>\n",
       "      <td>0.006880</td>\n",
       "      <td>1.000000</td>\n",
       "    </tr>\n",
       "  </tbody>\n",
       "</table>\n",
       "</div>"
      ]
     },
     "metadata": {},
     "execution_count": 5
    }
   ],
   "metadata": {}
  },
  {
   "cell_type": "markdown",
   "source": [
    "Adicionalmente, note que como escalamos dividiendo por la desviación estándar, la matriz varcov es igual a la matriz de correlación. \r\n",
    "\r\n",
    "Por tal motivo en algunos libros la matriz S representa la matriz de correlación. En este caso no sería necesario estandarizar los datos pues la correlación de pearson es invariante a la escala de los datos."
   ],
   "metadata": {}
  },
  {
   "cell_type": "code",
   "execution_count": 6,
   "source": [
    "S = X.corr()\r\n",
    "S"
   ],
   "outputs": [
    {
     "output_type": "execute_result",
     "data": {
      "text/plain": [
       "                pan  vegetales    frutas     carne      aves     leche  \\\n",
       "pan        1.000000   0.593110  0.196139  0.321269  0.248008  0.855575   \n",
       "vegetales  0.593110   1.000000  0.856250  0.881081  0.826777  0.662799   \n",
       "frutas     0.196139   0.856250  1.000000  0.959477  0.925542  0.332189   \n",
       "carne      0.321269   0.881081  0.959477  1.000000  0.981785  0.374591   \n",
       "aves       0.248008   0.826777  0.925542  0.981785  1.000000  0.232892   \n",
       "leche      0.855575   0.662799  0.332189  0.374591  0.232892  1.000000   \n",
       "vino       0.303761  -0.356468 -0.486281 -0.437235 -0.400157  0.006880   \n",
       "\n",
       "               vino  \n",
       "pan        0.303761  \n",
       "vegetales -0.356468  \n",
       "frutas    -0.486281  \n",
       "carne     -0.437235  \n",
       "aves      -0.400157  \n",
       "leche      0.006880  \n",
       "vino       1.000000  "
      ],
      "text/html": [
       "<div>\n",
       "<style scoped>\n",
       "    .dataframe tbody tr th:only-of-type {\n",
       "        vertical-align: middle;\n",
       "    }\n",
       "\n",
       "    .dataframe tbody tr th {\n",
       "        vertical-align: top;\n",
       "    }\n",
       "\n",
       "    .dataframe thead th {\n",
       "        text-align: right;\n",
       "    }\n",
       "</style>\n",
       "<table border=\"1\" class=\"dataframe\">\n",
       "  <thead>\n",
       "    <tr style=\"text-align: right;\">\n",
       "      <th></th>\n",
       "      <th>pan</th>\n",
       "      <th>vegetales</th>\n",
       "      <th>frutas</th>\n",
       "      <th>carne</th>\n",
       "      <th>aves</th>\n",
       "      <th>leche</th>\n",
       "      <th>vino</th>\n",
       "    </tr>\n",
       "  </thead>\n",
       "  <tbody>\n",
       "    <tr>\n",
       "      <th>pan</th>\n",
       "      <td>1.000000</td>\n",
       "      <td>0.593110</td>\n",
       "      <td>0.196139</td>\n",
       "      <td>0.321269</td>\n",
       "      <td>0.248008</td>\n",
       "      <td>0.855575</td>\n",
       "      <td>0.303761</td>\n",
       "    </tr>\n",
       "    <tr>\n",
       "      <th>vegetales</th>\n",
       "      <td>0.593110</td>\n",
       "      <td>1.000000</td>\n",
       "      <td>0.856250</td>\n",
       "      <td>0.881081</td>\n",
       "      <td>0.826777</td>\n",
       "      <td>0.662799</td>\n",
       "      <td>-0.356468</td>\n",
       "    </tr>\n",
       "    <tr>\n",
       "      <th>frutas</th>\n",
       "      <td>0.196139</td>\n",
       "      <td>0.856250</td>\n",
       "      <td>1.000000</td>\n",
       "      <td>0.959477</td>\n",
       "      <td>0.925542</td>\n",
       "      <td>0.332189</td>\n",
       "      <td>-0.486281</td>\n",
       "    </tr>\n",
       "    <tr>\n",
       "      <th>carne</th>\n",
       "      <td>0.321269</td>\n",
       "      <td>0.881081</td>\n",
       "      <td>0.959477</td>\n",
       "      <td>1.000000</td>\n",
       "      <td>0.981785</td>\n",
       "      <td>0.374591</td>\n",
       "      <td>-0.437235</td>\n",
       "    </tr>\n",
       "    <tr>\n",
       "      <th>aves</th>\n",
       "      <td>0.248008</td>\n",
       "      <td>0.826777</td>\n",
       "      <td>0.925542</td>\n",
       "      <td>0.981785</td>\n",
       "      <td>1.000000</td>\n",
       "      <td>0.232892</td>\n",
       "      <td>-0.400157</td>\n",
       "    </tr>\n",
       "    <tr>\n",
       "      <th>leche</th>\n",
       "      <td>0.855575</td>\n",
       "      <td>0.662799</td>\n",
       "      <td>0.332189</td>\n",
       "      <td>0.374591</td>\n",
       "      <td>0.232892</td>\n",
       "      <td>1.000000</td>\n",
       "      <td>0.006880</td>\n",
       "    </tr>\n",
       "    <tr>\n",
       "      <th>vino</th>\n",
       "      <td>0.303761</td>\n",
       "      <td>-0.356468</td>\n",
       "      <td>-0.486281</td>\n",
       "      <td>-0.437235</td>\n",
       "      <td>-0.400157</td>\n",
       "      <td>0.006880</td>\n",
       "      <td>1.000000</td>\n",
       "    </tr>\n",
       "  </tbody>\n",
       "</table>\n",
       "</div>"
      ]
     },
     "metadata": {},
     "execution_count": 6
    }
   ],
   "metadata": {}
  },
  {
   "cell_type": "code",
   "execution_count": 7,
   "source": [
    "# Visualizamos la correlación entre productos\r\n",
    "import seaborn as sns\r\n",
    "import matplotlib.pyplot as plt\r\n",
    "sns.set(rc = {\"figure.dpi\": 300})\r\n",
    "\r\n",
    "sns.heatmap(S, annot = True)"
   ],
   "outputs": [
    {
     "output_type": "execute_result",
     "data": {
      "text/plain": [
       "<AxesSubplot:>"
      ]
     },
     "metadata": {},
     "execution_count": 7
    },
    {
     "output_type": "display_data",
     "data": {
      "text/plain": [
       "<Figure size 1800x1200 with 2 Axes>"
      ],
